56.21622
343.7838
155.6757
244.3243
265.9459
240
179.4595
160
38.91892
136.2162
160
49.72973
287.5676
136.2162
434.5946
103.7838
358.9189
196.7568
436.7568
235.6757
454.0541
352.4324
315.6757
317.8378
216.2162
363.2432
140.5405
404.3243
155.6757
510.2703
229.1892
534.0541
270.2703
456.2162
402.1622
447.5676
525.4054
436.7568
631.3514
376.2162
547.027
224.8649
648.6486
218.3784
745.9459
330.8108
828.1081
229.1892
916.7568
304.8649
925.4054
438.9189
787.027
445.4054
629.1892
538.3784
812.973
562.1622
812.973
648.6486
678.9189
633.5135
942.7027
661.6216
793.5135
732.973
633.5135
739.4595
694.0541
830.2703
549.1892
657.2973
1035.676
553.5135
1184.865
609.7297
1065.946
717.8378
1150.27
737.2973
1254.054
752.4324
1334.054
631.3514
1308.108
512.4324
1452.973
514.5946
1483.243
605.4054
1584.865
598.9189
1522.162
696.2162
1401.081
754.5946
1513.514
795.6757
1491.892
910.2703
1318.919
821.6216
1284.324
918.9189
1390.27
908.1081
1340.541
1027.027
1184.865
992.4324
1089.73
1022.703
1202.162
1130.811
1394.595
1171.892
1472.432
1081.081
1494.054
1003.243
1636.757
942.7027
1608.649
1109.189
1606.486
1264.865
1731.892
1245.405
1740.541
1139.459
1753.514
1031.351
1811.892
923.2432
1690.811
821.6216
1651.892
748.1081
1712.432
637.8378
1783.784
776.2162
1846.486
696.2162
1969.73
713.5135
1943.784
570.8108
1686.486
510.2703
1785.946
538.3784
1814.054
462.7027
1760
356.7568
1574.054
393.5135
1303.784
343.7838
1414.054
294.0541
1625.946
237.8378
1760
211.8919
1515.676
259.4595
1468.108
402.1622
1202.162
447.5676
1195.676
214.0541
1334.054
157.8378
1206.486
69.18919
1033.514
259.4595
1042.162
402.1622
968.6486
821.6216
1087.568
895.1351
1161.081
854.0541
1145.946
356.7568
836.7568
890.8108
940.5405
957.8378
700.5405
960
566.4865
897.2973
365.4054
531.8919
352.4324
609.7297
430.2703
670.2703
473.5135
570.8108
365.4054
756.7568
454.0541
821.6216
477.8378
741.6216
471.3514
951.3514
263.7838
659.4595
142.7027
681.0811
97.2973
588.1081
49.72973
748.1081
142.7027
836.7568
259.4595
778.3784
332.973
892.973
252.973
927.5676
363.2432
1027.027
441.0811
1128.649
261.6216
1040
274.5946
1137.297
172.973
1169.73
265.9459
1273.514
369.7297
1232.432
380.5405
1331.892
436.7568
1383.784
549.1892
1269.189
555.6757
1098.378
594.5946
1020.541
659.4595
1059.459
696.2162
1150.27
795.6757
1070.27
627.027
1176.216
720
1292.973
633.5135
1362.162
845.4054
1197.838
1007.568
1130.811
964.3243
1035.676
1288.649
1269.189
1128.649
1275.676
998.9189
1249.73
925.4054
1351.351
1055.135
1385.946
817.2973
1398.919
743.7838
1446.486
635.6757
1494.054
529.7297
1444.324
724.3243
1565.405
838.9189
1608.649
897.2973
1502.703
1014.054
1517.838
1113.514
1491.892
1243.243
1409.73
970.8108
1630.27
1582.703
1396.757
1742.703
1375.135
1863.784
1431.351
1852.973
1249.73
1915.676
1130.811
1948.108
1014.054
1924.324
875.6757
2049.73
802.1622
2064.865
880
2179.459
884.3243
2112.432
994.5946
2056.216
1076.757
2114.595
1145.946
2192.432
1210.811
2287.568
1269.189
2307.027
1089.73
2214.054
1063.784
2350.27
968.6486
2285.405
832.4324
2415.135
856.2162
2168.649
761.0811
2071.351
704.8649
2125.405
1323.243
2000
1249.73
1930.811
1336.216
2010.811
1351.351
2041.081
1446.486
1926.486
1576.216
1807.568
1600
1697.297
1502.703
2103.784
1561.081
2032.432
1643.243
2175.135
1651.892
2298.378
1682.162
2378.378
1621.622
2201.081
1528.649
2285.405
1424.865
2397.838
1308.108
2523.243
1329.73
2607.568
1234.595
2425.946
1143.784
2529.73
1111.351
2611.892
1042.162
2508.108
947.027
2547.027
795.6757
2694.054
834.5946
2683.243
953.5135
2717.838
1156.757
1856.216
400
1914.595
443.2432
1912.432
307.027
1994.595
352.4324
2022.703
449.7297
2081.081
369.7297
2055.135
259.4595
2174.054
324.3243
2154.595
454.0541
2258.378
389.1892
2366.486
337.2973
2342.703
231.3514
2210.811
209.7297
2340.541
516.7568
2238.919
551.3514
2152.432
562.1622
2141.622
642.1622
2290.811
704.8649
2381.622
655.1351
2414.054
763.2432
2494.054
631.3514
2604.324
594.5946
2753.514
592.4324
2675.676
691.8919
2654.054
458.3784
2498.378
469.1892
2502.703
328.6486
2623.784
235.6757
2664.865
341.6216
1416.216
1371.892
1517.838
1510.27
1556.757
1609.73
1690.811
1676.757
1567.568
1737.297
1595.676
1845.405
1725.405
1871.351
1842.162
1756.757
1913.514
1925.405
2067.027
1910.27
1974.054
1739.459
2056.216
1784.865
1420.541
1616.216
1375.135
1501.622
1301.622
1620.541
1221.622
1525.405
1212.973
1583.784
1128.649
1616.216
1210.811
1730.811
1336.216
1750.27
1297.297
1854.054
1385.946
1843.243
1450.811
1752.432
1485.405
1912.432
1392.432
1994.595
1247.568
1951.351
1139.459
1953.514
1081.081
1877.838
1037.838
1808.649
1059.459
1707.027
949.1892
1791.351
864.8649
1717.838
1593.514
2029.189
1794.595
2036.757
614.0541
1660.541
756.7568
1738.378
648.6486
1760
687.5676
1889.73
553.5135
1850.811
467.027
1708.108
488.6486
1595.676
397.8378
1496.216
95.13514
964.3243
103.7838
1081.081
82.16216
1197.838
90.81081
1362.162
198.9189
1427.027
276.7568
1448.649
125.4054
1513.514
164.3243
1595.676
185.9459
1699.459
298.3784
1690.811
389.1892
1595.676
298.3784
1574.054
384.8649
1798.919
259.4595
1846.486
147.027
1833.514
77.83784
1729.73
354.5946
1928.649
168.6486
1971.892
237.8378
1945.946
237.8378
2067.027
830.2703
1911.351
934.0541
1924.324
960
2036.757
756.7568
2015.135
557.8378
2023.784
471.3514
1920
2490.811
1504.865
2577.297
1587.027
2642.162
1530.811
2702.703
1690.811
2577.297
1690.811
2650.811
1798.919
2361.081
1833.514
2287.568
1915.676
2309.189
2015.135
2218.378
1820.541
2162.162
2019.459
2585.946
1924.324
2521.081
1837.838
2521.081
1751.351
2477.838
2019.459
2681.081
1997.838
2594.595
2084.324
1980.541
2062.703
2620.541
1392.432
1465.946
121.0811
1604.324
112.4324
1729.73
60.54054
1833.514
86.48649
1928.649
164.3243
2067.027
164.3243
2092.973
112.4324
2214.054
90.81081
2313.514
112.4324
2464.865
185.9459
2585.946
129.7297
1491.892
1176.216
752.4324
147.027
877.8378
125.4054
1089.73
190.2703
1046.486
108.1081
951.3514
82.16216
1487.568
1262.703
