72.6504
72.6504
73.8941
73.8941
73.8941
75.6443
75.6443
76.5053
76.5053
77.2651
77.2651
78.9114
78.9114
79.2956
79.2956
80.7270
80.7270
80.7271
80.7271
80.7852
80.7852
80.7854
80.7854
81.3907
81.4191
81.4191
81.5909
81.5909
82.6155
83.1801
83.1801
83.4606
83.4606
84.2129
84.2129
85.2890
85.7535
85.8353
85.8353
86.1073
86.1073
86.4865
86.4865
86.4871
86.4871
86.5402
86.5402
86.5406
87.0246
87.0246
87.0254
87.0254
87.1595
87.1595
87.1601
87.1601
87.5606
87.5606
87.6142
88.0136
88.0136
88.1989
89.3058
89.3058
90.3207
90.3458
90.3458
90.5275
90.5275
90.9135
90.9135
92.3676
92.8476
92.8476
92.9978
93.3494
93.3494
93.5744
93.8739
93.8739
93.8744
93.8744
94.8399
95.5764
95.5764
95.7229
95.7229
95.9672
96.5256
96.5256
97.9679
97.9679
98.1581
98.1581
98.6092
98.6092
98.6099
98.6099
98.7992
99.0353
99.0353
99.4594
99.5534
99.5534
99.6706
99.8346
99.8346
99.8348
99.8348
99.8348
99.8354
100.0458
100.0458
100.3250
100.3250
101.2760
101.2760
101.3215
101.3215
101.6441
101.6441
101.6446
101.6449
101.7819
101.7819
101.7830
101.7830
101.7831
101.8284
101.8284
101.8288
101.8288
102.1944
102.4463
102.5376
102.5601
102.7886
102.7886
103.2646
103.2646
103.3556
103.3556
103.4679
103.4680
103.4680
103.4680
103.5360
103.5360
103.7841
103.8062
103.8966
103.8966
104.5021
104.5021
104.5914
104.5914
104.8817
104.8817
105.3037
105.4375
105.5923
106.0113
106.0113
106.0121
106.0341
106.2983
106.2985
106.2985
106.3860
106.4962
106.4962
106.6717
106.6717
106.8028
106.8034
106.8034
106.9781
106.9781
107.0216
107.0216
107.3486
107.3491
107.3491
107.3491
107.4138
107.4138
107.4138
107.5445
107.6092
108.1078
108.1078
108.1081
108.1297
108.1297
108.1306
108.1306
108.3025
108.3673
108.4536
108.4536
108.5826
108.5826
108.6472
108.7337
108.7337
108.8195
108.8195
108.8836
108.8836
109.1411
109.1411
109.2688
109.3336
109.3336
109.4191
109.8455
109.8455
110.0421
110.2486
110.2486
110.2492
110.2492
110.3549
110.3549
110.4609
110.6934
110.7562
110.7562
110.7566
110.7566
110.7988
110.8412
110.8413
110.8413
110.9461
110.9462
111.5980
111.5980
111.6191
111.6191
111.6194
111.6194
111.7023
111.7023
111.8693
111.8693
111.8700
111.9741
112.1200
112.2661
112.3698
112.3705
112.3705
112.7645
112.7646
112.7646
112.8681
112.8681
113.1784
113.1784
113.2816
113.2816
113.2819
113.4465
113.5088
113.6318
113.6318
113.7959
113.7961
114.1661
114.4921
114.4921
114.6150
114.6155
114.6756
114.6756
114.9001
114.9199
115.2658
115.3879
115.3879
115.4885
115.7516
115.7516
116.2348
116.2348
116.3554
116.3756
116.5564
116.5564
116.6166
116.6166
116.7571
116.9364
117.0369
117.0369
117.0767
117.0767
117.0767
117.2562
117.6343
117.6348
117.7336
117.7336
117.7336
117.7338
117.8130
117.8130
117.9718
117.9908
118.0310
118.0310
118.0311
118.1104
118.1104
118.1104
118.5254
118.7421
118.7421
118.9385
118.9385
118.9975
118.9977
119.2331
119.2914
119.2914
119.4093
119.4093
119.6045
119.6045
119.6049
119.7031
119.7031
119.8782
119.8782
119.9170
119.9172
119.9172
120.2289
120.3454
120.4613
120.5007
120.6560
120.8685
120.9648
120.9648
120.9653
120.9653
120.9655
121.0231
121.0811
121.0811
121.1578
121.1777
121.1777
121.1778
121.2547
121.2731
121.2731
121.7166
121.7166
121.7357
121.8512
122.0234
122.0234
122.0236
122.3097
122.3097
122.3861
122.3861
122.4632
122.4825
122.4825
122.8628
122.8628
122.9203
122.9203
122.9399
122.9964
122.9964
122.9965
122.9965
123.2619
123.2619
123.2622
123.5463
123.5463
123.6783
123.6790
123.7163
123.7164
123.7164
124.0747
124.0755
124.0755
124.3015
124.3015
124.4519
124.4519
124.7328
124.7328
124.9760
125.3682
125.4058
125.4058
125.4235
125.4235
125.5172
125.7039
125.7960
125.7960
125.8148
125.8702
125.9441
125.9445
126.0747
126.0747
126.2970
126.2970
126.2970
126.4084
126.7035
126.9056
126.9056
126.9058
126.9058
126.9069
126.9069
127.1275
127.1275
127.1822
127.1824
127.2552
127.2554
127.2554
127.2557
127.2557
127.5863
127.6409
127.6409
128.0070
128.0070
128.0243
128.4623
128.4623
128.5713
128.5716
128.6076
128.7528
128.8979
128.8979
129.0065
129.0433
129.0433
129.0438
129.8018
129.9637
129.9638
130.0893
130.1794
130.3767
130.5381
130.5381
130.6276
130.6280
130.6812
130.6812
130.7349
130.7349
130.8779
130.8952
131.0387
131.1811
131.1811
131.5191
131.5191
131.5193
131.8918
131.8921
131.8921
131.9096
131.9097
131.9628
131.9628
132.1752
132.1752
132.1753
132.2982
132.2982
132.2993
132.2993
132.3695
132.5285
132.5989
132.8982
133.0215
133.0913
133.2148
133.3718
133.4423
133.4948
133.4948
133.4949
133.4949
133.5653
133.6523
133.6524
133.6524
133.7223
133.7223
133.8316
134.1236
134.1236
134.2623
134.2631
134.2631
134.3327
134.3327
134.4196
134.4196
134.4373
134.4373
134.5413
134.6808
134.6808
134.8532
134.8540
134.9058
134.9058
134.9747
135.0964
135.0964
135.3210
135.4079
135.4421
135.4421
135.4421
135.4591
135.4591
135.4592
135.5281
135.7182
135.7182
135.7866
136.0791
136.1476
136.1476
136.1480
136.2334
136.2334
136.3702
136.3703
136.4911
136.4913
136.5418
136.5418
136.6446
136.7468
136.8320
136.8712
136.9183
137.3097
137.3097
137.4291
137.5989
138.1417
138.1759
138.3781
138.3781
138.4458
138.5304
138.5304
138.6479
138.6479
138.8163
138.8163
138.8167
139.0861
139.0868
139.1364
139.3380
139.3380
139.4555
139.5388
139.5894
139.5894
139.5903
139.7233
139.7234
139.8067
139.8067
139.8072
139.8072
140.0240
140.0569
140.0579
140.2909
140.4074
140.4074
140.4074
140.5406
140.6072
140.6072
140.6075
140.6570
140.6570
140.6901
140.7897
140.7900
140.7900
141.0058
141.0058
141.1874
141.1878
141.3368
141.3368
141.4852
142.5380
142.5389
142.5389
142.5882
142.6372
142.6372
142.8499
142.8501
142.9645
142.9645
142.9648
142.9649
142.9649
143.2256
143.2916
143.3238
143.8445
143.8447
143.8812
144.0071
144.3313
144.3475
144.5253
144.6714
144.8649
144.8811
144.8811
145.0101
145.0422
145.0422
145.1227
145.1227
145.1230
145.2516
145.2519
145.2677
145.3637
145.3637
145.3647
145.3647
145.6372
145.6373
145.7665
145.7815
146.2137
146.2139
146.3254
146.3254
146.3258
146.3265
146.5972
147.0270
147.0270
147.0429
147.0430
147.0592
147.0592
147.0904
147.2331
147.3603
147.5983
147.6939
147.9936
147.9936
148.4511
148.4981
148.4981
148.6084
148.6867
148.6869
148.6869
148.7970
148.7970
148.7970
148.9383
149.2056
149.2056
149.2521
149.2521
149.3297
149.3302
149.3610
149.3610
149.6897
149.8145
149.8770
149.8770
150.1886
150.4220
150.4220
150.4221
150.5611
150.5616
150.5616
150.5767
150.7476
150.8719
150.8719
151.1196
151.1808
151.1808
151.3669
151.4285
151.4908
151.7370
151.7375
151.8602
151.9833
152.0907
152.0907
152.6584
152.6584
152.7809
152.8268
153.2086
153.2094
153.5585
153.5585
153.5585
153.5589
153.8937
153.9399
154.1214
154.1214
154.2008
154.2573
154.2573
154.2578
154.2578
154.5302
154.6063
154.6211
154.8331
155.0138
155.0138
155.2554
155.3444
155.3444
155.3445
155.3453
155.3453
155.4085
155.6757
155.6910
155.6910
155.6911
155.6911
155.6911
155.9158
155.9454
155.9753
155.9753
156.0509
156.0509
156.0652
156.0658
156.0660
156.2751
156.2751
156.5442
156.5891
157.0211
157.1254
157.1256
157.4077
157.4077
157.7196
157.8379
157.8524
157.8525
157.9711
158.0745
158.0745
158.3701
158.3703
158.3705
158.5912
158.7244
158.7827
159.0035
159.0174
159.0331
159.1210
159.1218
159.3119
159.4290
159.4290
159.4735
159.4735
159.5317
159.8396
160.0584
160.1314
160.1314
160.1315
160.1315
160.2336
160.4661
160.5400
160.5400
160.7143
160.7143
160.7143
161.1356
161.1790
161.4544
161.4544
161.8301
161.8301
162.0468
162.0469
162.0898
162.0905
162.0905
162.1766
162.2198
162.5505
162.5505
162.6802
162.7807
162.7813
162.9141
163.0964
163.3255
163.4257
163.4261
163.4685
163.4832
163.5544
163.5970
163.5970
163.6971
163.6971
164.0966
164.1678
164.3810
164.3812
164.3812
164.4525
164.5514
164.5514
164.6655
164.6655
164.7925
164.8489
165.2322
165.2925
165.3737
165.3737
165.4720
165.5297
165.7404
166.1492
166.1492
166.3179
166.4168
166.6550
166.7106
166.7109
166.7114
166.8231
166.8236
166.8371
166.8654
166.8654
166.9212
166.9212
166.9214
166.9907
167.0891
167.3826
168.2599
168.2599
168.3988
168.4265
168.7040
168.7043
168.8423
168.8423
168.8702
168.8705
168.9429
169.0498
169.2159
169.4917
169.5329
169.5333
169.7128
170.2078
170.3174
170.3586
170.5369
170.8655
170.8656
170.9340
170.9340
170.9348
171.0707
171.0707
171.1932
171.2344
171.3028
171.6702
171.6713
171.6844
171.6844
171.9157
171.9157
172.1332
172.1600
172.1606
172.1741
172.3227
172.4587
172.6484
172.6518
172.7702
172.9737
173.0270
173.0271
173.0951
173.0951
173.1075
173.2565
173.2565
173.6739
173.7555
174.3858
175.2551
175.2551
175.4689
175.4689
175.6013
175.6018
176.0802
176.2128
176.2128
176.2128
176.3583
176.4515
176.4518
176.9539
177.3100
177.5081
177.6262
177.7313
177.7313
177.7714
177.7716
177.9418
177.9428
178.3616
178.8854
178.9510
179.1467
179.1854
179.1988
179.2942
179.3031
179.7848
179.8632
179.8632
179.8632
179.9279
179.9281
180.2264
180.3434
180.4341
180.5109
180.5109
181.0542
181.1319
181.1327
181.3253
181.6469
181.7496
181.7887
181.8788
181.9425
181.9425
181.9941
181.9945
181.9947
182.4434
182.7638
183.1210
183.1210
183.1214
183.1850
183.1850
183.1850
183.1851
183.2614
183.3761
183.4655
183.5686
183.6944
183.7838
183.7967
183.9870
184.1012
184.1021
184.7353
185.0512
185.0891
185.0892
185.3164
185.3164
185.5058
185.6565
186.0591
186.5233
186.5484
186.5614
186.6980
186.6983
186.7481
186.8110
186.9235
187.2612
187.4235
187.7223
187.7598
187.9464
188.0094
188.3937
188.3937
188.5549
188.5551
188.6174
188.8028
188.8888
188.8893
189.0996
189.5441
189.5442
189.5442
189.5442
189.6057
189.6798
190.1965
190.3192
190.4667
190.4915
190.6872
190.7860
190.8712
190.9080
190.9080
191.1158
191.1524
191.2626
191.2628
191.4460
191.4464
191.4947
191.4948
191.5676
191.8482
191.9335
192.0920
192.4816
192.5782
192.5784
192.6633
192.8689
193.0145
193.3897
193.4503
193.5104
193.5115
193.6307
193.9328
194.3541
194.3663
194.3663
194.4747
194.4747
194.5707
194.6426
194.8941
195.0259
195.1464
195.1823
195.3260
195.3621
195.5522
195.5531
195.7213
195.7922
196.0786
196.2333
196.2334
196.3172
196.3281
196.3286
196.5544
196.5809
196.7691
196.7691
196.8639
196.9470
196.9471
196.9584
197.2789
